5.00000     97.098  -116.407
5.07273     96.958  -116.893
5.14651     96.775  -117.488
5.22137     96.526  -118.233
5.29732     96.250  -118.954
5.37437     95.943  -119.667
5.45254     95.636  -120.277
5.53185     95.328  -120.807
5.61231     95.021  -121.267
5.69394     94.713  -121.666
5.77676     94.406  -122.011
5.86079     94.099  -122.305
5.94604     93.791  -122.552
6.03252     93.484  -122.756
6.12027     93.176  -122.919
6.20929     92.869  -123.043
6.29961     92.562  -123.129
6.39124     92.254  -123.179
6.48420     91.947  -123.194
6.57851     91.639  -123.175
6.67420     91.332  -123.124
6.77128     91.025  -123.041
6.86977     90.717  -122.927
6.96969     90.410  -122.782
7.07107     90.102  -122.607
7.17392     89.795  -122.403
7.27827     89.488  -122.169
7.38413     89.180  -121.906
7.49154     88.873  -121.615
7.60050     88.566  -121.296
7.71105     88.258  -120.949
7.82321     87.951  -120.574
7.93701     87.643  -120.171
8.05245     87.336  -119.740
8.16958     87.029  -119.282
8.28841     86.721  -118.797
8.40896     86.414  -118.284
8.53128     86.106  -117.745
8.65537     85.799  -117.178
8.78126     85.492  -116.584
8.90899     85.184  -115.963
9.03857     84.877  -115.315
9.17004     84.569  -114.641
9.30342     84.262  -113.940
9.43874     83.955  -113.212
9.57603     83.647  -112.459
9.71532     83.340  -111.679
9.85663     83.033  -110.875
10.0000     82.725  -110.045
10.1455     82.418  -109.192
10.2930     82.110  -108.316
10.4427     81.803  -107.419
10.5946     81.496  -106.502
10.7487     81.188  -105.569
10.9051     80.881  -104.621
11.0637     80.573  -103.665
11.2246     80.266  -102.706
11.3879     79.959  -101.753
11.5535     79.651  -100.817
11.7216     79.344   -99.917
11.8921     79.036   -99.079
12.0650     78.729   -98.346
12.2405     78.423   -97.811
12.4186     78.106   -97.599
12.5992     77.759   -97.891
12.7825     77.305   -98.717
12.9684     76.670   -99.740
13.1570     75.764  -100.148
13.3484     74.543   -98.672
13.5426     73.094   -94.211
13.7395     71.644   -86.534
13.9394     70.531   -76.433
14.1421     70.108   -65.619
14.3478     70.264   -55.857
14.5565     70.702   -48.033
14.7683     71.163   -42.143
14.9831     71.505   -37.480
15.2010     71.746   -33.154
15.4221     71.997   -28.771
15.6464     72.311   -24.433
15.8740     72.706   -20.433
16.1049     73.132   -16.996
16.3392     73.550   -14.135
16.5768     73.930   -11.751
16.8179     74.259    -9.655
17.0626     74.543    -7.654
17.3107     74.805    -5.616
17.5625     75.074    -3.500
17.8180     75.382    -1.371
18.0771     75.750     0.573
18.3401     76.160     2.082
18.6068     76.567     2.979
18.8775     76.899     3.298
19.1521     77.116     3.330
19.4306     77.227     3.444
19.7133     77.261     3.938
20.0000     77.278     4.947
20.2909     77.337     6.350
20.5860     77.450     7.909
20.8855     77.607     9.440
21.1893     77.787    10.854
21.4975     77.974    12.148
21.8102     78.164    13.346
22.1274     78.353    14.471
22.4492     78.543    15.535
22.7758     78.732    16.546
23.1071     78.922    17.508
23.4432     79.111    18.424
23.7841     79.301    19.296
24.1301     79.490    20.124
24.4811     79.679    20.910
24.8372     79.869    21.654
25.1984     80.058    22.357
25.5649     80.248    23.017
25.9368     80.437    23.636
26.3141     80.627    24.211
26.6968     80.816    24.741
27.0851     81.005    25.226
27.4791     81.195    25.661
27.8788     81.384    26.043
28.2843     81.574    26.366
28.6957     81.763    26.616
29.1131     81.950    26.779
29.5365     82.130    26.841
29.9661     82.294    26.809
30.4020     82.433    26.729
30.8442     82.547    26.670
31.2929     82.640    26.696
31.7480     82.725    26.854
32.2098     82.816    27.146
32.6783     82.927    27.512
33.1536     83.059    27.864
33.6359     83.199    28.155
34.1251     83.343    28.379
34.6215     83.486    28.538
35.1250     83.623    28.655
35.6359     83.757    28.754
36.1543     83.892    28.834
36.6802     84.029    28.872
37.2137     84.162    28.862
37.7550     84.291    28.811
38.3041     84.413    28.722
38.8613     84.527    28.610
39.4265     84.633    28.490
40.0000     84.731    28.372
40.5818     84.823    28.268
41.1721     84.910    28.181
41.7710     84.992    28.108
42.3785     85.068    28.057
42.9949     85.138    28.048
43.6203     85.205    28.089
44.2548     85.265    28.203
44.8985     85.328    28.419
45.5515     85.403    28.730
46.2141     85.493    29.120
46.8863     85.608    29.557
47.5683     85.753    29.980
48.2602     85.925    30.330
48.9621     86.125    30.543
49.6743     86.340    30.563
50.3968     86.561    30.369
51.1299     86.781    29.940
51.8736     86.983    29.285
52.6281     87.157    28.453
53.3936     87.296    27.517
54.1702     87.403    26.549
54.9581     87.482    25.602
55.7575     87.539    24.712
56.5685     87.584    23.881
57.3914     87.617    23.100
58.2261     87.638    22.367
59.0730     87.650    21.675
59.9323     87.647    21.036
60.8040     87.632    20.473
61.6884     87.603    20.014
62.5857     87.569    19.685
63.4960     87.536    19.482
64.4196     87.508    19.398
65.3566     87.491    19.410
66.3073     87.487    19.485
67.2717     87.489    19.621
68.2502     87.506    19.816
69.2429     87.535    20.061
70.2501     87.586    20.340
71.2719     87.663    20.596
72.3086     87.760    20.778
73.3603     87.876    20.846
74.4274     88.002    20.756
75.5099     88.124    20.502
76.6083     88.235    20.108
77.7226     88.325    19.612
78.8531     88.388    19.089
80.0000     88.429    18.616
81.1636     88.454    18.258
82.3442     88.478    18.057
83.5419     88.524    17.992
84.7570     88.605    17.968
85.9899     88.726    17.854
87.2406     88.876    17.520
88.5096     89.034    16.874
89.7970     89.167    15.917
91.1031     89.251    14.759
92.4282     89.285    13.541
93.7726     89.271    12.387
95.1366     89.224    11.392
96.5204     89.163    10.571
97.9243     89.097     9.899
99.3486     89.031     9.344
100.794     88.964     8.881
102.260     88.898     8.499
103.747     88.832     8.191
105.256     88.765     7.956
106.787     88.699     7.794
108.340     88.633     7.716
109.916     88.568     7.734
111.515     88.509     7.864
113.137     88.464     8.105
114.783     88.445     8.417
116.452     88.455     8.720
118.146     88.491     8.927
119.865     88.533     8.981
121.608     88.559     8.926
123.377     88.565     8.857
125.171     88.551     8.869
126.992     88.530     9.041
128.839     88.526     9.379
130.713     88.551     9.834
132.615     88.622    10.311
134.543     88.735    10.675
136.500     88.875    10.843
138.486     89.030    10.761
140.500     89.179    10.410
142.544     89.305     9.844
144.617     89.398     9.158
146.721     89.463     8.446
148.855     89.513     7.748
151.020     89.548     7.066
153.217     89.572     6.414
155.445     89.591     5.789
157.706     89.603     5.180
160.000     89.608     4.596
162.327     89.610     4.038
164.688     89.610     3.496
167.084     89.608     2.959
169.514     89.602     2.417
171.980     89.588     1.879
174.481     89.567     1.366
177.019     89.539     0.894
179.594     89.507     0.482
182.206     89.478     0.130
184.856     89.456    -0.189
187.545     89.441    -0.499
190.273     89.435    -0.829
193.041     89.433    -1.203
195.849     89.431    -1.629
198.697     89.426    -2.115
201.587     89.411    -2.652
204.520     89.386    -3.224
207.494     89.347    -3.816
210.512     89.290    -4.392
213.574     89.218    -4.917
216.681     89.135    -5.376
219.833     89.042    -5.749
223.030     88.945    -6.031
226.274     88.846    -6.230
229.565     88.747    -6.351
232.905     88.649    -6.399
236.292     88.550    -6.373
239.729     88.451    -6.268
243.216     88.352    -6.072
246.754     88.254    -5.768
250.343     88.161    -5.334
253.984     88.082    -4.757
257.678     88.024    -4.051
261.426     87.997    -3.256
265.229     88.005    -2.425
269.087     88.049    -1.615
273.001     88.130    -0.873
276.972     88.250    -0.268
281.000     88.406     0.099
285.088     88.577     0.158
289.234     88.744    -0.114
293.441     88.887    -0.693
297.709     88.986    -1.477
302.040     89.040    -2.335
306.433     89.059    -3.176
310.890     89.050    -3.947
315.412     89.024    -4.622
320.000     88.988    -5.202
324.655     88.949    -5.712
329.377     88.907    -6.170
334.168     88.867    -6.605
339.028     88.825    -7.060
343.959     88.765    -7.523
348.962     88.686    -7.942
354.038     88.584    -8.256
359.188     88.464    -8.389
364.412     88.344    -8.306
369.713     88.236    -8.027
375.090     88.151    -7.591
380.546     88.097    -7.064
386.081     88.073    -6.529
391.697     88.069    -6.031
397.394     88.078    -5.575
403.175     88.090    -5.132
409.039     88.111    -4.656
414.989     88.152    -4.128
421.025     88.235    -3.621
427.149     88.355    -3.269
433.362     88.495    -3.150
439.665     88.643    -3.314
446.060     88.770    -3.749
452.548     88.861    -4.333
459.131     88.932    -4.991
465.809     88.977    -5.700
472.584     89.000    -6.422
479.458     88.997    -7.121
486.432     88.973    -7.757
493.507     88.929    -8.288
500.686     88.873    -8.671
507.968     88.819    -8.902
515.357     88.769    -8.987
522.853     88.734    -8.922
530.458     88.736    -8.763
538.174     88.782    -8.637
546.002     88.870    -8.695
553.943     88.976    -9.055
562.001     89.070    -9.761
570.175     89.116   -10.738
578.469     89.095   -11.795
586.883     89.016   -12.742
595.419     88.891   -13.440
604.080     88.744   -13.800
612.866     88.601   -13.814
621.780     88.477   -13.489
630.824     88.405   -12.879
640.000     88.416   -12.183
649.309     88.503   -11.628
658.753     88.658   -11.444
668.335     88.831   -11.824
678.056     88.947   -12.694
687.919     88.985   -13.775
697.925     88.947   -14.783
708.077     88.864   -15.508
718.376     88.790   -15.927
728.825     88.763   -16.230
739.426     88.780   -16.679
750.181     88.801   -17.437
761.093     88.778   -18.476
772.163     88.679   -19.605
783.394     88.497   -20.553
794.789     88.250   -21.077
806.349     87.978   -21.039
818.078     87.728   -20.445
829.977     87.536   -19.403
842.050     87.430   -18.103
854.298     87.420   -16.784
866.724     87.496   -15.699
879.330     87.617   -15.039
892.120     87.728   -14.825
905.097     87.786   -14.907
918.262     87.764   -14.980
931.618     87.678   -14.672
945.169     87.600   -13.791
958.917     87.600   -12.425
972.864     87.732   -10.875
987.015     88.004    -9.560
1001.37     88.367    -8.822
1015.94     88.765    -8.826
1030.71     89.150    -9.584
1045.71     89.477   -10.965
1060.92     89.733   -12.785
1076.35     89.912   -14.894
1092.00     90.005   -17.131
1107.89     90.015   -19.317
1124.00     89.958   -21.300
1140.35     89.855   -22.989
1156.94     89.731   -24.364
1173.77     89.606   -25.471
1190.84     89.492   -26.399
1208.16     89.387   -27.228
1225.73     89.278   -27.983
1243.56     89.156   -28.617
1261.65     89.026   -29.053
1280.00     88.902   -29.238
1298.62     88.809   -29.186
1317.51     88.772   -29.006
1336.67     88.803   -28.889
1356.11     88.879   -29.010
1375.84     88.973   -29.437
1395.85     89.061   -30.160
1416.15     89.124   -31.100
1436.75     89.161   -32.140
1457.65     89.188   -33.234
1478.85     89.215   -34.424
1500.36     89.243   -35.794
1522.19     89.258   -37.432
1544.33     89.229   -39.362
1566.79     89.121   -41.471
1589.58     88.914   -43.529
1612.70     88.605   -45.240
1636.16     88.224   -46.362
1659.95     87.811   -46.765
1684.10     87.422   -46.453
1708.60     87.117   -45.626
1733.45     86.905   -44.554
1758.66     86.784   -43.457
1784.24     86.740   -42.524
1810.19     86.736   -41.853
1836.52     86.748   -41.432
1863.24     86.762   -41.211
1890.34     86.771   -41.122
1917.83     86.781   -41.120
1945.73     86.801   -41.214
1974.03     86.835   -41.474
2002.74     86.873   -41.987
2031.87     86.896   -42.825
2061.43     86.861   -43.952
2091.41     86.734   -45.163
2121.83     86.506   -46.153
2152.69     86.187   -46.586
2184.01     85.840   -46.262
2215.77     85.529   -45.241
2248.00     85.296   -43.709
2280.70     85.172   -41.925
2313.87     85.142   -40.134
2347.53     85.190   -38.483
2381.68     85.299   -37.085
2416.32     85.443   -36.020
2451.46     85.594   -35.298
2487.12     85.724   -34.858
2523.30     85.811   -34.552
2560.00     85.850   -34.154
2597.24     85.867   -33.468
2635.01     85.905   -32.425
2673.34     85.994   -31.078
2712.23     86.166   -29.552
2751.68     86.437   -28.037
2791.70     86.808   -26.754
2832.31     87.263   -25.917
2873.50     87.771   -25.711
2915.30     88.280   -26.218
2957.70     88.745   -27.388
3000.72     89.132   -29.052
3044.37     89.424   -30.930
3088.65     89.636   -32.726
3133.58     89.805   -34.258
3179.16     89.965   -35.456
3225.40     90.154   -36.365
3272.31     90.389   -37.089
3319.91     90.687   -37.730
3368.20     91.068   -38.440
3417.19     91.533   -39.397
3466.89     92.083   -40.800
3517.32     92.699   -42.880
3568.48     93.344   -45.831
3620.39     93.979   -49.798
3673.05     94.538   -54.822
3726.47     94.966   -60.754
3780.67     95.232   -67.337
3835.67     95.312   -74.230
3891.46     95.206   -81.040
3948.06     94.941   -87.444
4005.49     94.550   -93.247
4063.75     94.065   -98.353
4122.86     93.516  -102.722
4182.82     92.926  -106.346
4243.66     92.312  -109.210
4305.39     91.694  -111.264
4368.01     91.107  -112.475
4431.55     90.607  -112.909
4496.01     90.268  -112.850
4561.40     90.147  -112.843
4627.75     90.240  -113.661
4695.06     90.401  -115.914
4763.35     90.457  -119.642
4832.64     90.219  -124.057
4902.93     89.615  -127.603
4974.24     88.755  -128.890
5046.60     87.867  -127.366
5120.00     87.387  -123.696
5194.47     87.641  -119.873
5270.03     88.450  -118.133
5346.68     89.353  -119.758
5424.45     89.977  -124.586
5503.35     90.157  -131.171
5583.40     89.873  -137.518
5664.61     89.294  -142.208
5747.01     88.658  -144.991
5830.60     88.167  -146.438
5915.41     87.952  -147.600
6001.45     87.903  -149.375
6088.74     87.877  -151.990
6177.30     87.765  -155.175
6267.15     87.524  -158.385
6358.31     87.196  -161.112
6450.80     86.878  -163.208
6544.62     86.663  -164.917
6639.82     86.619  -166.806
6736.40     86.721  -169.597
6834.38     86.833  -173.742
6933.79     86.817  -179.161
7034.64     86.568   174.694
7136.96     86.028   168.730
7240.77     85.241   163.822
7346.09     84.293   160.472
7452.94     83.313   158.819
7561.35     82.475   158.533
7671.33     81.896   158.878
7782.91     81.592   159.067
7896.12     81.527   158.392
8010.97     81.585   156.313
8127.49     81.634   152.625
8245.71     81.554   147.462
8365.65     81.248   141.282
8487.33     80.667   134.766
8610.78     79.764   128.828
8736.03     78.563   124.456
8863.09     77.153   122.337
8992.01     75.686   122.612
9122.80     74.395   124.679
9255.50     73.460   127.474
9390.12     72.918   129.827
9526.70     72.636   130.823
9665.27     72.356   130.317
9805.86     71.892   129.046
9948.49     71.191   128.164
10093.2     70.356   128.405
10240.0     69.480   129.916
10388.9     68.758   132.372
10540.1     68.350   134.801
10693.4     68.148   136.241
10848.9     67.985   136.397
11006.7     67.691   135.609
11166.8     67.152   134.823
11329.2     66.401   135.120
11494.0     65.553   137.082
11661.2     64.778   140.727
11830.8     64.325   145.396
12002.9     64.300   149.855
12177.5     64.576   153.013
12354.6     64.943   154.393
12534.3     65.214   154.208
12716.6     65.308   153.149
12901.6     65.214   152.091
13089.2     65.042   151.659
13279.6     64.944   151.859
13472.8     65.035   152.153
13668.8     65.355   151.586
13867.6     65.741   149.337
14069.3     66.001   145.260
14273.9     65.951   140.050
14481.5     65.543   135.012
14692.2     64.864   131.202
14905.9     64.034   129.042
15122.7     63.264   128.296
15342.7     62.711   128.148
15565.8     62.318   127.868
15792.2     62.006   127.173
16021.9     61.673   126.147
16255.0     61.302   125.033
16491.4     60.911   123.960
16731.3     60.511   122.957
16974.7     60.110   122.012
17221.6     59.710   121.108
17472.1     59.310   120.237
17726.2     58.909   119.396
17984.0     58.509   118.580
18245.6     58.109   117.789
18511.0     57.709   117.020
18780.2     57.308   116.271
19053.4     56.908   115.542
19330.5     56.508   114.831
19611.7     56.108   114.137
19897.0     55.707   113.460
20186.4     55.307   112.798
20480.0     54.907   112.152
20777.9     54.507   111.519
21080.1     54.106   110.899
21386.7     53.706   110.293
21697.8     53.306   109.699
22013.4     52.905   109.117
22333.6     52.505   108.547
22658.4     52.105   107.988
22988.0     51.705   107.439
23322.4     51.304   106.901
23661.6     50.904   106.373
24005.8     50.504   105.855
24355.0     50.104   105.346
24709.2     49.703   104.846
25068.6     49.303   104.355
25433.2     48.903   103.873
25803.2     48.503   103.399
26178.5     48.102   102.934
26559.3     47.702   102.477
26945.6     47.302   102.027
27337.5     46.901   101.585
27735.2     46.501   101.149
28138.6     46.101   100.721
28547.9     45.701   100.300
28963.1     45.300    99.887
29384.4     44.900    99.480
29811.8     44.500    99.079
30245.4     44.100    98.684
30685.3     43.699    98.296
31131.7     43.299    97.913
31584.5     42.899    97.537
32043.9     42.499    97.166
32510.0     42.098    96.801
32982.8     41.698    96.442
33462.6     41.298    96.088
33949.3     40.897    95.739
34443.1     40.497    95.395
34944.1     40.097    95.056
35452.4     39.697    94.721
35968.0     39.296    94.392
36491.2     38.896    94.066
37022.0     38.496    93.744
37560.5     38.096    93.419
38106.8     37.731    93.124
38661.1     37.401    92.841
39223.4     37.152    92.624
39793.9     36.960    92.455
